plant	inflorescence	flower	table	plate	JD233	JD249	JD260	JD274	JD287	JD304	JD317	JD331	JD344	JD358	JD372	JD386	JD399
7	g	r	1	A	2	1	3	0	0	0	0	0	0	0	0	0	0
7	g	r	1	B	4	2	3	0	0	0	0	0	0	0	0	0	1
8	w	g	1	A	9	6	4	0	0	0	0	0	0	0	0	0	0
8	w	g	1	B	6	1	0	0	0	0	0	0	0	0	0	0	0
9	w	o	1	A	6	7	5	1	0	1	1	0	1	1	0	0	0
9	w	o	1	B	13	1	3	0	0	1	1	0	0	0	0	0	0
10	b	r	1	A	5	0	0	0	0	0	0	0	0	0	0	0	0
13	b	o	1	A	1	17	4	0	1	0	0	0	0	0	0	0	0
13	b	o	1	B	2	2	1	0	0	0	0	0	0	0	0	0	0
14	b	r	1	A	2	1	1	1	0	0	0	0	0	0	0	0	0
14	w	o	1	A	1	22	2	0	0	0	0	0	0	0	0	0	0
14	w	o	1	B	0	14	3	0	0	0	0	0	0	0	0	0	0
16	g	r	1	A	0	0	1	1	0	0	0	5	0	4	0	0	0
16	g	r	1	B	0	1	13	0	0	3	1	0	0	0	0	0	0
19	w	o	1	A	0	1	3	0	0	1	4	0	0	0	0	0	0
19	w	o	1	B	0	0	0	0	0	0	0	1	0	0	0	0	0
20	w	r	1	A	0	0	3	0	0	2	0	2	0	0	1	0	0
20	w	r	1	B	2	4	4	2	2	0	0	0	0	0	0	0	0
20	g	p	1	A	3	11	4	0	0	0	0	0	0	0	0	0	0
20	g	p	1	B	3	3	8	0	0	2	2	0	0	0	0	0	0
23	o	w	1	A	0	0	0	0	0	0	0	0	0	0	0	0	0
23	o	w	1	B	0	0	0	0	0	0	0	0	0	0	0	0	0
24	b	r	1	A	0	0	0	0	0	0	0	0	0	0	0	0	0
24	b	r	1	B	4	0	0	0	0	1	0	0	0	0	0	0	0
25	w	g	1	A	0	0	1	0	2	1	2	0	2	0	2	0	1
25	w	g	1	B	0	0	9	2	3	1	1	0	0	1	1	0	0
26	b	o	1	A	0	0	6	0	2	1	2	1	0	0	0	1	0
26	b	o	1	B	0	0	1	0	0	0	0	1	0	1	0	0	0
26	w	r	1	A	1	2	5	1	3	1	2	1	0	0	0	0	0
26	w	r	1	B	0	0	2	0	1	2	0	1	0	3	1	0	0
28	w	r	1	A	1	4	6	3	0	2	0	0	0	0	0	0	0
28	w	r	1	B	0	6	7	0	0	0	0	0	0	0	0	0	0
31	w	g	1	A	3	1	1	0	0	0	0	2	0	1	0	0	0
31	w	g	1	B	0	0	1	0	0	3	4	0	0	0	0	0	0
31	w	r	1	A	5	0	4	1	0	0	0	0	0	0	0	0	0
31	w	r	1	B	0	0	1	0	1	0	0	0	3	0	0	0	0
31	g	o	1	A	1	22	0	0	0	0	0	0	0	0	0	0	0
31	g	o	1	B	6	8	8	0	0	1	0	0	0	0	0	0	0
33	w	g	2	A	18	2	0	0	0	0	0	0	0	0	0	0	0
33	w	g	2	B	11	2	1	0	0	4	3	2	0	2	0	0	0
33	w	r	2	A	9	7	2	0	0	0	0	0	0	0	0	0	0
33	w	r	2	B	12	1	0	0	0	0	0	0	0	0	0	0	0
34	b	g	2	A	2	4	3	2	0	11	2	0	0	0	0	0	0
34	b	g	2	B	2	1	3	1	0	14	2	2	0	0	0	0	0
34	b	r	2	A	10	7	0	0	0	1	0	0	0	0	0	0	0
34	b	r	2	B	4	1	0	0	0	2	6	0	0	0	0	0	0
35	b	b	2	A	1	8	5	0	0	4	2	1	0	0	0	0	0
35	b	b	2	B	5	8	2	1	5	1	0	0	1	0	0	0	0
35	w	w	2	A	2	8	10	0	2	2	0	0	0	0	0	0	0
35	w	w	2	B	7	8	4	4	5	2	0	0	0	0	0	0	0
35	w	r	1	A	0	0	0	0	0	6	0	0	0	0	0	0	0
35	g	g	2	A	5	0	0	0	9	7	3	0	0	0	0	0	0
35	g	g	2	B	1	1	1	0	2	0	0	0	0	0	0	0	0
37	b	r	2	A	7	1	2	0	0	4	6	0	1	0	0	0	0
37	b	r	2	B	2	0	0	0	0	2	10	0	1	1	0	0	0
38	b	g	1	A	0	3	5	0	0	7	3	0	0	0	0	0	0
38	b	r	1	A	0	2	4	0	0	1	1	0	1	0	0	0	0
38	b	r	1	A	0	0	0	0	0	0	5	0	3	0	0	0	1
38	b	r	1	B	0	0	0	0	0	2	3	1	2	1	1	0	3
39	b	w	1	A	0	19	6	0	0	0	0	0	0	0	0	0	0
39	b	w	1	B	0	1	3	0	0	17	4	0	0	0	0	0	0
39	b	g	1	A	0	0	14	0	0	8	2	0	0	0	0	0	0
39	b	g	1	B	0	9	8	0	0	0	0	0	0	0	0	0	0
39	w	r	1	A	0	0	0	0	0	0	0	0	0	0	0	0	0
39	w	r	1	B	0	0	0	0	0	0	0	0	0	0	0	0	0
40	b	g	1	A	0	2	3	3	2	12	0	0	0	0	0	1	1
40	b	g	1	B	0	15	8	2	0	0	0	0	0	0	0	0	0
40	w	w	1	A	2	19	2	1	0	0	0	0	0	0	0	0	0
40	w	w	1	B	1	2	21	0	1	0	0	0	0	0	0	0	0
40	w	r	1	A	0	1	1	0	0	1	2	0	2	0	0	0	0
40	w	r	1	B	0	2	9	0	0	0	0	0	0	0	0	0	0
41	b	w	1	A	4	5	3	0	0	0	0	0	0	0	0	0	0
41	b	w	1	B	2	5	1	0	0	1	0	0	0	0	0	0	0
41	w	g	1	A	2	3	9	0	0	0	0	0	0	0	0	0	0
41	w	g	1	B	2	5	4	0	0	0	0	0	0	0	0	0	0
42	b	g	1	A	0	0	0	0	0	0	0	2	3	3	1	1	0
42	b	g	1	B	0	0	0	2	0	1	4	1	1	6	2	0	0
42	b	p	1	A	0	0	11	1	0	8	2	0	0	1	1	0	0
42	b	p	1	B	2	0	5	1	0	1	0	0	1	0	8	0	0
44	b	g	1	A	1	12	11	0	0	0	0	0	0	0	0	0	0
44	b	g	1	B	0	0	3	0	1	4	0	0	5	0	4	0	0
44	b	r	1	A	0	13	11	0	0	0	0	0	0	0	0	0	0
44	b	r	1	B	0	0	1	0	0	0	2	0	2	0	1	1	0
44	w	o	1	A	13	5	2	0	0	0	0	0	0	0	0	0	0
44	w	o	1	B	15	1	0	0	0	0	0	0	0	0	0	0	0
45	b	w	2	A	1	1	6	0	0	5	5	3	3	0	1	0	0
45	b	w	1	B	2	3	10	0	0	8	0	1	0	0	0	0	0
45	b	r	1	A	0	8	14	0	0	2	0	0	0	0	0	0	0
45	b	r	1	B	0	1	1	1	1	0	0	0	2	0	4	1	0
45	b	rd	1	A	3	0	4	0	0	0	2	1	0	1	0	0	0
45	b	rd	1	B	0	0	19	1	2	1	0	0	0	0	0	0	0
46	b	g	1	A	0	18	7	0	0	0	0	0	0	0	0	0	0
46	b	g	1	B	0	0	15	0	3	3	2	0	2	0	0	0	0
46	b	r	1	A	0	6	18	0	0	0	0	0	0	0	0	0	0
46	b	r	1	B	0	0	11	0	0	2	2	1	2	1	1	0	1
46	b	p	1	A	0	25	0	0	0	0	0	0	0	0	0	0	0
46	b	p	1	B	11	6	2	0	0	0	0	0	0	0	0	0	0
47	b	r	1	A	19	3	0	0	0	0	0	0	0	0	0	0	0
47	b	r	1	B	5	12	0	0	0	0	0	0	0	0	0	0	0
47	g	g	2	A	16	8	1	0	0	0	0	0	0	0	0	0	0
47	g	g	2	B	6	0	0	0	1	0	0	0	0	0	0	0	0
48	b	g	1	A	0	12	6	0	0	0	1	0	0	2	0	0	0
48	b	g	1	B	0	0	5	0	0	0	1	0	2	0	0	0	0
48	w	r	1	A	0	0	2	0	0	0	0	0	0	1	0	0	0
49	b	g	1	A	0	0	2	0	0	1	6	3	0	0	0	0	0
49	b	g	1	B	1	1	2	0	0	4	3	0	0	0	0	0	0
49	w	r	1	A	0	0	0	0	0	1	0	0	0	0	0	0	0
49	w	r	1	B	0	0	0	0	0	0	0	0	0	0	0	0	0
51	b	r	1	A	0	0	7	0	0	1	0	0	0	1	0	0	0
51	b	r	1	B	0	0	1	0	0	0	0	0	0	0	0	0	0
52	b	r	1	A	0	0	1	0	1	1	0	0	0	0	0	0	0
52	b	r	1	B	0	4	4	1	0	1	0	0	0	0	0	0	0
53	r	g	1	A	0	0	10	0	0	6	2	0	0	0	1	0	0
53	r	g	1	B	1	1	16	0	0	1	0	2	0	0	0	0	0
53	p	r	1	A	0	4	0	0	1	1	0	0	0	0	0	0	0
53	p	r	1	B	0	0	1	0	0	0	0	0	0	0	0	0	0
53	bz	o	1	A	0	0	0	0	0	0	0	0	0	0	0	0	0
53	bz	o	1	B	0	0	0	0	0	0	0	0	0	0	0	0	0
55	w	w	1	A	1	1	1	0	0	1	0	1	0	0	0	0	0
55	o	r	1	A	0	0	5	0	0	0	0	0	0	0	0	0	0
56	b	g	1	A	1	8	10	0	0	1	0	0	0	0	0	0	0
56	b	g	1	B	1	4	11	0	0	0	2	0	0	0	0	0	0
56	o	r	1	A	0	6	0	0	0	1	0	5	0	0	0	0	0
56	o	r	1	B	2	7	4	0	0	0	0	0	0	0	0	0	0
57	b	g	2	A	6	5	1	0	6	3	0	0	0	0	0	0	0
57	b	g	2	B	17	0	0	0	0	2	1	1	0	0	0	0	0
57	g	r	2	A	1	0	0	0	0	0	0	2	2	0	0	0	0
58	w	o	2	A	5	2	3	1	1	4	2	0	0	0	0	0	0
58	w	o	2	B	4	5	3	3	0	5	0	0	0	0	0	0	0
61	b	g	2	A	2	0	0	0	0	0	0	0	0	0	0	0	0
61	b	r	2	A	0	0	0	0	0	0	0	0	0	0	0	0	0
61	b	r	2	B	0	0	0	0	0	1	0	0	0	0	0	0	0
61	w	o	2	A	2	1	1	0	3	0	0	0	0	0	0	0	0
61	w	o	2	B	10	2	1	0	0	4	1	0	0	0	0	0	0
62	b	r	2	A	8	3	1	0	0	2	0	0	0	0	0	0	0
62	b	r	2	B	7	0	6	0	1	2	1	0	0	0	0	0	0
62	r	g	2	A	0	0	0	0	0	0	0	0	0	0	0	0	0
62	r	g	2	B	0	0	0	0	0	0	0	0	0	0	0	0	0
64	b	r	2	A	2	3	0	0	0	0	0	0	1	0	0	0	0
65	b	g	2	A	1	6	0	0	0	2	5	1	2	1	0	0	1
65	b	g	2	B	2	5	9	0	0	2	0	0	0	0	0	0	0
65	b	r	2	A	3	2	6	1	0	4	0	0	0	0	0	0	0
67	b	g	2	A	6	4	3	1	0	3	4	0	0	0	0	0	0
67	b	g	2	B	1	17	6	0	0	0	0	0	0	0	0	0	0
67	w	r	2	A	1	12	7	0	0	5	0	0	0	0	0	0	0
67	w	r	2	B	1	11	4	0	0	0	0	2	0	0	0	0	0
68	w	g	2	A	0	1	11	3	2	4	2	0	0	0	0	0	0
68	w	g	2	B	0	3	4	3	0	4	5	0	0	0	0	0	0
68	g	w	2	A	3	0	10	0	6	2	1	0	0	0	0	0	0
68	g	w	2	B	3	9	2	1	0	7	1	0	0	0	0	0	0
68	rd	r	2	A	5	7	4	0	0	8	1	0	0	0	0	0	0
68	rd	r	2	B	2	11	7	0	1	0	0	0	0	0	0	0	0
69	w	g	2	A	2	2	4	1	0	14	0	5	0	0	0	0	0
69	w	g	2	B	0	4	2	0	4	7	3	2	0	0	0	0	0
69	w	r	2	A	2	2	4	1	0	2	4	0	0	0	0	0	0
69	w	r	2	B	4	3	2	0	0	9	4	0	0	0	0	0	0
70	b	g	2	A	1	1	2	1	1	13	4	0	0	0	0	0	0
70	b	g	2	B	0	16	7	0	0	0	0	0	0	0	0	0	0
70	o	r	2	A	4	3	0	0	0	0	0	0	0	0	0	0	0
70	o	r	2	B	1	2	1	0	0	0	0	0	0	0	0	0	0
72	b	g	2	A	8	5	0	0	0	4	5	0	0	0	0	0	0
72	b	g	2	B	9	6	0	0	0	1	0	0	0	0	0	0	0
73	b	w	2	A	4	7	10	1	0	1	0	0	0	0	0	0	0
73	b	w	2	B	11	0	0	0	1	0	0	0	0	0	0	0	0
73	w	g	2	A	16	5	1	0	3	0	0	0	0	0	0	0	0
73	w	g	2	B	6	0	0	0	0	0	0	0	0	0	0	0	0
73	w	r	2	A	4	18	1	2	0	0	0	0	0	0	0	0	0
73	w	r	2	B	1	1	10	2	4	4	0	0	0	0	0	0	0
74	w	g	2	A	8	3	6	0	2	1	3	2	0	0	0	0	0
74	w	g	2	B	5	7	5	0	0	0	0	1	0	0	0	0	1
74	r	r	2	A	2	9	4	0	0	1	0	0	0	0	0	0	0
74	r	r	2	B	5	8	1	0	0	0	0	0	0	0	0	0	0
75	b	w	2	A	12	10	0	0	0	0	0	2	0	0	0	0	0
75	b	w	2	B	0	11	6	0	0	5	3	0	0	0	0	0	0
75	b	r	2	A	4	4	11	0	0	3	0	0	0	0	0	0	0
75	b	r	2	B	5	4	5	0	1	8	2	0	0	0	0	0	0
77	b	g	2	A	0	11	5	1	3	2	0	3	0	0	0	0	0
77	b	g	2	B	2	6	8	0	2	4	0	0	0	0	0	0	0
77	w	b	2	A	7	3	1	0	1	4	2	0	0	0	0	0	0
77	w	b	2	B	0	1	0	1	7	14	2	0	0	0	0	0	0
77	w	r	2	A	0	0	0	0	2	7	9	3	1	1	0	0	0
77	w	r	2	B	0	0	0	0	0	6	1	0	0	0	0	0	0
77	r	w	2	A	1	0	0	0	6	8	3	0	0	0	0	0	0
77	r	w	2	B	2	4	2	1	5	3	1	0	0	0	0	0	0
1	w	g_sp	1	A	NA	3	9	0	7	3	0	0	0	0	0	0	0
1	w	g_sp	1	B	NA	7	10	1	3	0	0	0	0	0	0	0	0
25	b	o_sp	1	A	NA	7	5	1	7	3	0	0	0	0	0	0	0
25	b	o_sp	1	B	NA	0	3	5	10	3	0	4	0	0	0	0	0
25	w	b_sp	1	A	NA	1	0	1	2	11	1	1	0	3	0	0	1
25	g	g_sp	1	A	NA	0	0	0	0	0	3	0	2	3	0	1	0
25	g	r_sp	1	A	NA	0	9	0	0	0	0	0	0	0	0	0	0
26	b	r_sp	1	A	NA	9	0	0	0	3	1	1	0	0	3	0	0
26	g	g_sp	1	A	NA	10	3	1	4	1	0	2	0	0	0	0	0
26	g	g_sp	1	B	NA	7	1	0	2	4	0	6	1	1	1	1	0
27	b	r_sp	1	A	NA	1	0	0	1	0	0	0	0	0	0	0	0
27	r	rd	1	A	NA	1	1	0	0	0	0	0	0	0	0	0	0
27	r	rd	1	B	NA	0	0	0	0	0	1	0	0	0	0	0	0
28	b	r_sp	1	A	NA	5	8	1	7	4	0	0	0	0	0	0	0
28	b	r_sp	1	B	NA	1	10	1	7	1	0	0	0	1	0	0	0
37	w	o	1	A	NA	14	0	0	0	3	0	0	0	0	0	0	0
37	w	o	1	B	NA	1	8	1	0	0	0	0	0	0	0	0	0
46	b	b_sp	1	A	NA	0	1	0	3	19	0	0	0	0	0	0	0
46	b	b_sp	1	B	NA	0	0	0	0	15	3	4	0	0	0	0	0
55	b	rd	1	A	NA	5	1	0	0	6	2	0	0	0	0	0	1
55	b	rd	1	B	NA	4	1	0	0	11	0	0	0	0	0	0	0
60	b	rd	1	A	NA	0	1	0	1	2	0	0	0	0	0	0	0
65	g	o_sp	1	A	NA	0	0	2	0	0	0	0	0	0	0	0	0
65	g	o_sp	1	B	NA	0	1	0	1	2	0	0	0	0	0	0	0
66	b	o_sp	1	A	NA	0	0	1	0	12	0	0	0	0	0	0	0
69	g	r_sp	1	A	NA	6	1	0	3	12	2	0	0	0	0	0	0
69	g	r_sp	1	B	NA	3	3	0	2	12	2	0	0	0	0	0	0
70	b	o_sp	1	A	NA	0	9	3	0	0	0	0	0	0	0	0	0
70	b	o_sp	1	B	NA	0	3	2	1	2	0	0	0	0	0	0	0
70	w	g_sp	1	A	NA	2	0	0	0	15	0	0	0	0	0	0	0
70	w	g_sp	1	B	NA	2	7	3	4	1	0	0	0	0	0	0	0
74	p	o	1	A	NA	0	0	0	6	10	0	0	0	0	0	0	0
74	p	o	1	B	NA	1	0	0	2	6	0	0	0	0	0	0	0
76	g	rd	1	A	NA	12	6	0	2	1	0	0	0	0	0	0	0
76	g	rd	1	B	NA	15	4	3	3	0	0	0	0	0	0	0	0
77	w	p	1	A	NA	0	0	0	0	20	1	0	0	0	0	0	0
77	w	p	1	B	NA	0	0	0	9	11	1	0	0	0	0	0	0
9	w	g_lip	1	A	NA	NA	NA	0	0	3	0	0	0	0	0	0	0
13	b	rd_sp	1	A	NA	NA	NA	0	0	2	0	0	0	0	0	0	0
14	b	b_lip	1	A	NA	NA	NA	0	4	3	1	0	0	0	0	0	0
14	b	b_lip	1	B	NA	NA	NA	0	2	2	0	0	0	0	0	0	0
14	w	rd_sp	1	A	NA	NA	NA	0	0	8	0	0	0	0	0	0	0
16	b	p_sp	1	A	NA	NA	NA	0	0	9	1	0	0	0	0	0	0
16	b	p_sp	1	B	NA	NA	NA	0	0	2	0	0	0	0	0	0	0
31	g	rd_sp	1	A	NA	NA	NA	0	12	6	3	0	0	0	0	0	0
31	g	rd_sp	1	B	NA	NA	NA	0	2	13	4	1	2	0	0	0	0
31	r	b_lip	1	A	NA	NA	NA	0	2	9	0	0	0	0	0	0	0
31	r	b_lip	1	B	NA	NA	NA	0	2	8	3	1	1	0	0	0	0
33	b	b_lip	1	A	NA	NA	NA	0	2	13	3	0	0	0	0	0	0
33	b	b_lip	1	B	NA	NA	NA	0	4	13	1	0	0	0	0	0	0
33	g	rd_sp	1	A	NA	NA	NA	0	6	14	0	0	0	0	0	0	0
33	g	rd_sp	1	B	NA	NA	NA	0	11	8	1	0	0	0	0	0	0
33	g	r_lip	1	A	NA	NA	NA	0	0	17	0	1	0	0	1	0	0
33	g	r_lip	1	B	NA	NA	NA	0	0	7	2	0	0	0	0	0	0
34	b	g_lip	1	A	NA	NA	NA	0	2	0	0	0	0	0	0	0	0
34	b	g_lip	1	B	NA	NA	NA	0	1	1	0	0	0	0	0	0	0
35	b	b_lip	1	A	NA	NA	NA	0	0	0	0	0	0	0	0	0	0
35	b	b_lip	1	B	NA	NA	NA	0	0	1	0	0	0	0	0	0	0
37	w	rd_sp	1	A	NA	NA	NA	0	0	15	2	4	0	0	0	0	0
37	w	rd_sp	1	B	NA	NA	NA	0	0	4	5	9	2	0	0	0	0
37	w	b_lip	1	A	NA	NA	NA	0	0	0	0	0	0	0	0	0	0
37	w	b_lip	1	B	NA	NA	NA	0	1	1	0	0	0	0	0	0	0
38	b	rd_sp	1	A	NA	NA	NA	0	0	18	0	0	0	0	0	0	0
38	b	rd_sp	1	B	NA	NA	NA	0	0	19	0	0	0	0	0	0	0
38	b	b_lip	1	A	NA	NA	NA	0	3	16	1	0	0	0	0	0	0
38	b	b_lip	1	B	NA	NA	NA	0	0	1	0	0	0	0	0	0	0
38	w	g_lip	1	A	NA	NA	NA	0	0	0	0	0	0	0	0	0	0
38	w	g_lip	1	B	NA	NA	NA	0	0	0	0	0	0	0	0	0	0
40	w	rd_sp	1	A	NA	NA	NA	0	1	12	3	0	0	0	0	0	0
40	w	rd_sp	1	B	NA	NA	NA	0	0	2	1	1	0	0	0	0	0
44	w	rd_sp	1	A	NA	NA	NA	0	0	10	3	0	0	0	0	0	0
44	w	rd_sp	1	B	NA	NA	NA	0	1	13	2	1	1	0	0	0	0
44	w	b_lip	1	A	NA	NA	NA	0	1	12	1	1	2	0	0	0	0
44	w	b_lip	1	B	NA	NA	NA	0	0	8	2	0	0	0	0	0	0
45	b	b_lip	1	A	NA	NA	NA	0	0	1	2	0	1	0	0	0	0
45	b	b_lip	1	B	NA	NA	NA	0	0	0	0	0	0	0	0	0	0
49	b	rd_sp	1	A	NA	NA	NA	0	5	12	0	0	0	0	0	0	0
51	b	p_sp	1	A	NA	NA	NA	0	0	0	0	0	0	0	0	0	0
51	b	p_sp	1	B	NA	NA	NA	0	0	0	0	0	0	0	0	0	0
58	b	rd_sp	1	A	NA	NA	NA	0	0	18	0	0	1	0	0	0	0
58	b	rd_sp	1	B	NA	NA	NA	0	0	9	5	0	0	0	0	0	0
58	w	b_lip	1	A	NA	NA	NA	0	5	13	0	0	0	0	0	0	0
66	g	rd_sp	1	A	NA	NA	NA	0	0	0	2	0	0	0	0	0	0
66	g	rd_sp	1	B	NA	NA	NA	0	0	0	0	0	0	0	0	0	0
																	
																	
																	
																	
																	
																	
																	
																	
																	
																	
																	
																	
																	
																	
																	
																	
																	
																	
																	
																	
																	
																	
																	
																	
																	
																	
																	
																	
																	
																	
																	
																	
																	
																	
																	
																	
																	
																	
																	
																	
																	
																	
																	
																	
																	
																	
																	
																	
																	
																	
																	
																	
																	
																	
																	
																	
																	
